AP012342.1	tig00004064	93.637	3033	171	19	1069162	1072181	1468157	1471180	0.0	4512
AP012342.1	tig00004064	93.610	3036	172	19	1069162	1072184	1539205	1536179	0.0	4512
AP012342.1	tig00004064	93.604	3033	172	19	1060553	1063572	1468157	1471180	0.0	4506
AP012342.1	tig00004064	93.604	3033	172	19	1215996	1219015	1468157	1471180	0.0	4506
AP012342.1	tig00004064	93.577	3036	173	19	1215996	1219018	1539205	1536179	0.0	4506
AP012342.1	tig00004064	93.577	3036	173	19	1060553	1063575	1539205	1536179	0.0	4506
AP012342.1	tig00004064	78.447	7006	1406	88	2484274	2491216	1183277	1190241	0.0	4477
AP012342.1	tig00004064	75.078	7042	1526	180	1297745	1304654	962751	969695	0.0	3070
AP012342.1	tig00004064	92.995	1813	111	15	1214022	1215823	1541119	1539312	0.0	2630
AP012342.1	tig00004064	92.995	1813	111	15	1058579	1060380	1541119	1539312	0.0	2630
AP012342.1	tig00004064	92.995	1813	110	16	1058579	1060380	1466244	1468050	0.0	2628
AP012342.1	tig00004064	92.995	1813	110	16	1214022	1215823	1466244	1468050	0.0	2628
AP012342.1	tig00004064	92.940	1813	112	15	1067188	1068989	1541119	1539312	0.0	2625
AP012342.1	tig00004064	92.940	1813	111	16	1067188	1068989	1466244	1468050	0.0	2623
AP012342.1	tig00004064	94.816	1389	72	0	2022218	2023606	408873	410261	0.0	2167
AP012342.1	tig00004064	94.813	1388	72	0	2022219	2023606	922701	924088	0.0	2165
AP012342.1	tig00004064	94.813	1388	72	0	2022219	2023606	2236459	2235072	0.0	2165
AP012342.1	tig00004064	86.954	1671	193	15	1297331	1298987	2063358	2065017	0.0	1855
AP012342.1	tig00004064	98.017	1059	21	0	17723	18781	2043506	2044564	0.0	1840
AP012342.1	tig00004064	90.445	1392	131	2	1445229	1446619	408872	410262	0.0	1832
AP012342.1	tig00004064	90.452	1393	130	3	1445233	1446623	922703	924094	0.0	1832
AP012342.1	tig00004064	90.483	1387	130	2	1319911	1321296	410261	408876	0.0	1829
AP012342.1	tig00004064	90.483	1387	130	2	1319911	1321296	924088	922703	0.0	1829
AP012342.1	tig00004064	90.483	1387	130	2	1445233	1446618	2236457	2235072	0.0	1829
AP012342.1	tig00004064	90.483	1387	130	2	1319911	1321296	2235072	2236457	0.0	1829
AP012342.1	tig00004064	89.892	1296	127	4	2262788	2264080	519516	520810	0.0	1664
AP012342.1	tig00004064	85.990	1399	175	12	78312	79706	1825040	1826421	0.0	1478
AP012342.1	tig00004064	77.750	2391	507	22	1961093	1963472	2165239	2167615	0.0	1445
AP012342.1	tig00004064	75.023	3263	733	62	2491326	2494541	1190327	1193554	0.0	1435
AP012342.1	tig00004064	86.171	1251	164	9	1339672	1340917	1825031	1826277	0.0	1343
AP012342.1	tig00004064	74.810	2759	657	32	1073236	1075975	1472160	1474899	0.0	1210
AP012342.1	tig00004064	78.296	1714	356	14	1478582	1480287	1002125	1000420	0.0	1090
AP012342.1	tig00004064	73.471	2993	731	57	230648	233610	181740	184699	0.0	1070
AP012342.1	tig00004064	78.426	1474	271	37	1604861	1606316	2530470	2529026	0.0	917
AP012342.1	tig00004064	78.163	1470	298	19	852142	853601	1705941	1704485	0.0	915
AP012342.1	tig00004064	78.237	1475	273	38	1394061	1395516	2529026	2530471	0.0	902
AP012342.1	tig00004064	78.155	1474	274	38	66686	68140	2529026	2530470	0.0	894
AP012342.1	tig00004064	78.155	1474	274	38	145480	146934	2530470	2529026	0.0	894
AP012342.1	tig00004064	78.087	1474	275	38	1056846	1058300	2529026	2530470	0.0	889
AP012342.1	tig00004064	84.240	882	125	7	1305513	1306383	1787003	1786125	0.0	846
AP012342.1	tig00004064	76.421	1531	339	20	1542814	1544333	882146	880627	0.0	808
AP012342.1	tig00004064	74.655	1811	430	26	2526860	2528654	2536071	2537868	0.0	774
AP012342.1	tig00004064	74.389	1882	418	50	58865	60714	70361	72210	0.0	747
AP012342.1	tig00004064	72.573	2009	498	44	1768105	1770083	670963	668978	4.00e-171	608
AP012342.1	tig00004064	71.623	2132	565	36	1715758	1717871	724846	722737	2.46e-153	549
AP012342.1	tig00004064	78.762	824	163	5	2058167	2058989	2273407	2274219	4.11e-151	542
AP012342.1	tig00004064	75.667	974	231	6	999509	1000479	436511	435541	9.09e-133	481
AP012342.1	tig00004064	73.668	1295	307	26	296127	297403	257549	258827	5.47e-130	472
AP012342.1	tig00004064	94.079	304	17	1	550317	550620	2065092	2065394	1.18e-126	460
AP012342.1	tig00004064	94.981	259	13	0	2023348	2023606	1815768	1816026	1.57e-110	407
AP012342.1	tig00004064	72.864	1264	309	28	1227710	1228956	1529922	1528676	2.02e-109	403
AP012342.1	tig00004064	74.095	1050	238	26	2089494	2090530	2299436	2300464	7.28e-109	401
AP012342.1	tig00004064	81.780	472	86	0	1374557	1375028	1295301	1294830	3.39e-107	396
AP012342.1	tig00004064	75.154	813	175	21	219472	220265	173526	174330	1.60e-95	357
AP012342.1	tig00004064	72.033	1323	324	41	1691252	1692548	756977	755675	7.44e-94	351
AP012342.1	tig00004064	85.303	347	44	7	2056636	2056978	2271828	2272171	7.44e-94	351
AP012342.1	tig00004064	76.636	642	140	8	271352	271988	227489	228125	3.46e-92	346
AP012342.1	tig00004064	89.961	259	26	0	1319911	1320169	1816026	1815768	7.49e-89	335
AP012342.1	tig00004064	89.961	259	26	0	1446360	1446618	1815768	1816026	7.49e-89	335
AP012342.1	tig00004064	88.129	278	29	3	788328	788605	1438427	1438154	1.25e-86	327
AP012342.1	tig00004064	89.231	260	26	2	548637	548895	2045502	2045244	1.62e-85	324
AP012342.1	tig00004064	73.760	766	193	8	1893808	1894569	422737	421976	1.27e-76	294
AP012342.1	tig00004064	82.906	351	36	8	787092	787419	2068740	2069089	1.27e-76	294
AP012342.1	tig00004064	85.185	270	39	1	1390519	1390788	1237065	1236797	4.60e-71	276
AP012342.1	tig00004064	84.494	316	9	13	851787	852074	1706358	1706055	4.60e-71	276
AP012342.1	tig00004064	86.325	234	32	0	2265939	2266172	2243232	2242999	6.00e-65	255
AP012342.1	tig00004064	77.857	420	84	9	2282034	2282446	519515	519932	7.76e-64	252
AP012342.1	tig00004064	75.830	542	102	17	394031	394568	309671	310187	1.00e-62	248
AP012342.1	tig00004064	72.266	887	217	23	1827691	1828561	625654	624781	1.00e-62	248
AP012342.1	tig00004064	83.462	260	34	9	67886	68141	1447735	1447481	2.81e-58	233
AP012342.1	tig00004064	83.398	259	34	9	145480	145734	1447482	1447735	1.01e-57	231
AP012342.1	tig00004064	83.398	259	34	9	1395261	1395515	1447735	1447482	1.01e-57	231
AP012342.1	tig00004064	83.398	259	34	9	1604862	1605116	1447482	1447735	1.01e-57	231
AP012342.1	tig00004064	90.805	174	15	1	79699	79872	2065154	2065326	1.01e-57	231
AP012342.1	tig00004064	89.560	182	18	1	2546174	2546354	2063184	2063003	3.64e-57	230
AP012342.1	tig00004064	72.300	787	200	15	2152173	2152950	2370309	2371086	3.64e-57	230
AP012342.1	tig00004064	76.026	463	97	13	295116	295571	256535	256990	1.31e-56	228
AP012342.1	tig00004064	85.581	215	29	2	2030353	2030566	279521	279308	1.69e-55	224
AP012342.1	tig00004064	74.768	539	113	15	1189025	1189562	310187	309671	2.19e-54	220
AP012342.1	tig00004064	85.782	211	27	3	592438	592647	2235072	2234864	2.19e-54	220
AP012342.1	tig00004064	98.333	120	2	0	1063658	1063777	1471235	1471354	1.32e-51	211
AP012342.1	tig00004064	98.333	120	2	0	1072266	1072385	1471235	1471354	1.32e-51	211
AP012342.1	tig00004064	98.333	120	2	0	1219101	1219220	1471235	1471354	1.32e-51	211
AP012342.1	tig00004064	98.333	120	2	0	1219101	1219220	1536127	1536008	1.32e-51	211
AP012342.1	tig00004064	98.333	120	2	0	1072266	1072385	1536127	1536008	1.32e-51	211
AP012342.1	tig00004064	98.333	120	2	0	1063658	1063777	1536127	1536008	1.32e-51	211
AP012342.1	tig00004064	74.004	527	129	7	1981784	1982306	2185232	2185754	1.70e-50	207
AP012342.1	tig00004064	74.438	489	119	6	1382541	1383026	1359566	1359081	6.13e-50	206
AP012342.1	tig00004064	89.726	146	13	2	1342372	1342516	1826273	1826417	7.98e-44	185
AP012342.1	tig00004064	94.737	114	6	0	548960	549073	2044764	2044651	1.34e-41	178
AP012342.1	tig00004064	88.194	144	16	1	787415	787558	2226252	2226110	2.24e-39	171
AP012342.1	tig00004064	98.901	91	1	0	211618	211708	166529	166619	3.74e-37	163
AP012342.1	tig00004064	89.683	126	11	2	1143145	1143269	1373504	1373628	4.84e-36	159
AP012342.1	tig00004064	95.833	96	4	0	1465131	1465226	1298138	1298043	6.26e-35	156
AP012342.1	tig00004064	100.000	84	0	0	127681	127764	2039024	2039107	6.26e-35	156
AP012342.1	tig00004064	97.753	89	2	0	213185	213273	168586	168674	2.25e-34	154
AP012342.1	tig00004064	96.774	93	2	1	213708	213799	168702	168794	2.25e-34	154
AP012342.1	tig00004064	93.204	103	5	2	2020209	2020310	2225075	2225176	2.91e-33	150
AP012342.1	tig00004064	100.000	80	0	0	619463	619542	2022318	2022239	1.05e-32	148
AP012342.1	tig00004064	98.780	82	1	0	1776512	1776593	656878	656797	3.77e-32	147
AP012342.1	tig00004064	100.000	79	0	0	1293839	1293917	942051	941973	3.77e-32	147
AP012342.1	tig00004064	100.000	78	0	0	1848289	1848366	605149	605072	1.35e-31	145
AP012342.1	tig00004064	94.681	94	2	3	449451	449541	366782	366875	4.87e-31	143
AP012342.1	tig00004064	96.512	86	3	0	801250	801335	470230	470315	4.87e-31	143
AP012342.1	tig00004064	97.590	83	2	0	808879	808961	1752255	1752173	4.87e-31	143
AP012342.1	tig00004064	87.805	123	11	2	543196	543316	2047320	2047440	1.75e-30	141
AP012342.1	tig00004064	91.262	103	8	1	790386	790487	482373	482475	6.30e-30	139
AP012342.1	tig00004064	98.718	78	1	0	1132294	1132371	941301	941378	6.30e-30	139
AP012342.1	tig00004064	100.000	75	0	0	2287722	2287796	2464806	2464880	6.30e-30	139
AP012342.1	tig00004064	97.531	81	1	1	1281664	1281744	954410	954331	2.27e-29	137
AP012342.1	tig00004064	97.468	79	2	0	980398	980476	1584793	1584715	8.15e-29	135
AP012342.1	tig00004064	97.468	79	2	0	2014321	2014399	2219151	2219229	8.15e-29	135
AP012342.1	tig00004064	97.403	77	2	0	838643	838719	1718604	1718528	1.05e-27	132
AP012342.1	tig00004064	96.250	80	3	0	2450033	2450112	2500211	2500290	1.05e-27	132
AP012342.1	tig00004064	87.179	117	11	4	201136	201250	156421	156535	3.79e-27	130
AP012342.1	tig00004064	95.181	83	3	1	1199826	1199907	1449326	1449408	3.79e-27	130
AP012342.1	tig00004064	93.103	87	6	0	47361	47447	64562	64648	1.36e-26	128
AP012342.1	tig00004064	96.203	79	2	1	2115470	2115547	2319843	2319921	1.36e-26	128
AP012342.1	tig00004064	96.104	77	3	0	77301	77377	87438	87514	4.91e-26	126
AP012342.1	tig00004064	70.725	690	168	27	791976	792640	483930	484610	1.77e-25	124
AP012342.1	tig00004064	93.023	86	5	1	848823	848907	1708697	1708612	1.77e-25	124
AP012342.1	tig00004064	78.049	205	37	5	2273970	2274170	2459072	2459272	6.35e-25	122
AP012342.1	tig00004064	75.479	261	57	7	135073	135329	1753142	1753399	2.28e-24	121
AP012342.1	tig00004064	77.320	194	43	1	81454	81646	1504951	1504758	3.82e-22	113
AP012342.1	tig00004064	73.077	338	82	7	680695	681028	1961762	1961430	1.37e-21	111
AP012342.1	tig00004064	91.250	80	7	0	1974079	1974158	2178432	2178511	4.94e-21	110
AP012342.1	tig00004064	92.105	76	6	0	800078	800153	431366	431441	1.78e-20	108
AP012342.1	tig00004064	91.026	78	7	0	1634454	1634531	840324	840247	6.39e-20	106
AP012342.1	tig00004064	87.097	93	12	0	787987	788079	1443500	1443408	6.39e-20	106
AP012342.1	tig00004064	90.909	77	7	0	516596	516672	2100169	2100093	2.30e-19	104
AP012342.1	tig00004064	100.000	54	0	0	127707	127760	2071425	2071478	2.97e-18	100
AP012342.1	tig00004064	78.912	147	29	2	467046	467191	1504806	1504951	1.07e-17	99.0
AP012342.1	tig00004064	78.912	147	29	2	1338723	1338868	1504806	1504951	1.07e-17	99.0
AP012342.1	tig00004064	87.952	83	10	0	1143191	1143273	1584793	1584711	1.07e-17	99.0
AP012342.1	tig00004064	88.462	78	9	0	980398	980475	1373550	1373627	1.38e-16	95.3
AP012342.1	tig00004064	88.462	78	8	1	373560	373637	193287	193211	4.98e-16	93.5
AP012342.1	tig00004064	96.429	56	2	0	2020242	2020297	2247090	2247145	4.98e-16	93.5
AP012342.1	tig00004064	98.077	52	1	0	1281669	1281720	972548	972497	1.79e-15	91.6
AP012342.1	tig00004064	87.805	82	5	5	127683	127762	1706235	1706157	1.79e-15	91.6
AP012342.1	tig00004064	100.000	48	0	0	1465179	1465226	1016876	1016829	6.44e-15	89.8
AP012342.1	tig00004064	85.227	88	9	4	1143188	1143273	87435	87520	2.32e-14	87.9
AP012342.1	tig00004064	87.342	79	6	4	980399	980475	87438	87514	2.32e-14	87.9
AP012342.1	tig00004064	81.651	109	15	5	366815	366921	278556	278661	8.33e-14	86.1
AP012342.1	tig00004064	97.959	49	1	0	779663	779711	482397	482445	8.33e-14	86.1
AP012342.1	tig00004064	97.959	49	1	0	1776517	1776565	664856	664808	8.33e-14	86.1
AP012342.1	tig00004064	94.545	55	2	1	134866	134919	2039053	2039107	3.00e-13	84.2
AP012342.1	tig00004064	95.833	48	2	0	134866	134913	2071428	2071475	1.39e-11	78.7
AP012342.1	tig00004064	73.822	191	38	8	291270	291454	252726	252910	1.09e-07	65.8
AP012342.1	tig00004064	97.143	35	1	0	134883	134917	1706191	1706157	5.05e-06	60.2
AP012342.1	tig00004064	100.000	31	0	0	1058504	1058534	1466157	1466187	1.82e-05	58.4
AP012342.1	tig00004064	100.000	31	0	0	1067113	1067143	1466157	1466187	1.82e-05	58.4
AP012342.1	tig00004064	100.000	31	0	0	1213947	1213977	1466157	1466187	1.82e-05	58.4
AP012342.1	tig00004064	100.000	31	0	0	1213947	1213977	1541206	1541176	1.82e-05	58.4
AP012342.1	tig00004064	100.000	31	0	0	1067113	1067143	1541206	1541176	1.82e-05	58.4
AP012342.1	tig00004064	100.000	31	0	0	1058504	1058534	1541206	1541176	1.82e-05	58.4
AP012342.1	tig00004064	94.444	36	2	0	786624	786659	29404	29369	6.53e-05	56.5
AP012342.1	tig00004064	100.000	28	0	0	189250	189277	136816	136843	8.45e-04	52.8
AP012342.1	tig00004064	100.000	28	0	0	2427374	2427401	2495366	2495393	8.45e-04	52.8
